    25     25 -500000.000000 500000.000000 -1000000.000000     0.000000
  -7.154082e-03  -7.829775e-03  -8.500842e-03  -9.122525e-03  -9.630809e-03  -9.941143e-03  -9.950681e-03  -9.549937e-03  -8.642429e-03  -7.172666e-03  -5.156778e-03  -2.701527e-03  -9.902680e-11   2.701527e-03   5.156778e-03   7.172666e-03   8.642429e-03   9.549937e-03   9.950681e-03   9.941143e-03   9.630809e-03   9.122525e-03   8.500842e-03   7.829775e-03   7.154082e-03
  -7.676899e-03  -8.522973e-03  -9.403403e-03  -1.027261e-02  -1.105782e-02  -1.165242e-02  -1.191526e-02  -1.168080e-02  -1.078422e-02  -9.108603e-03  -6.639246e-03  -3.508900e-03  -1.297310e-10   3.508900e-03   6.639246e-03   9.108603e-03   1.078422e-02   1.168080e-02   1.191526e-02   1.165242e-02   1.105782e-02   1.027261e-02   9.403403e-03   8.522973e-03   7.676899e-03
  -8.165448e-03  -9.201439e-03  -1.032783e-02  -1.150523e-02  -1.265798e-02  -1.366076e-02  -1.432686e-02  -1.441167e-02  -1.364115e-02  -1.178141e-02  -8.741800e-03  -4.673769e-03  -1.746986e-10   4.673769e-03   8.741800e-03   1.178141e-02   1.364115e-02   1.441167e-02   1.432686e-02   1.366076e-02   1.265798e-02   1.150523e-02   1.032783e-02   9.201439e-03   8.165448e-03
  -8.589840e-03  -9.827253e-03  -1.123030e-02  -1.277662e-02  -1.440196e-02  -1.597388e-02  -1.726193e-02  -1.791975e-02  -1.750153e-02  -1.555809e-02  -1.181933e-02  -6.418138e-03  -2.434281e-10   6.418138e-03   1.181933e-02   1.555809e-02   1.750153e-02   1.791975e-02   1.726193e-02   1.597388e-02   1.440196e-02   1.277662e-02   1.123030e-02   9.827253e-03   8.589840e-03
  -8.916711e-03  -1.035342e-02  -1.204843e-02  -1.401337e-02  -1.621864e-02  -1.855363e-02  -2.076818e-02  -2.240607e-02  -2.277327e-02  -2.102843e-02  -1.649548e-02  -9.152576e-03  -3.541419e-10   9.152576e-03   1.649548e-02   2.102843e-02   2.277327e-02   2.240607e-02   2.076818e-02   1.855363e-02   1.621864e-02   1.401337e-02   1.204843e-02   1.035342e-02   8.916711e-03
  -9.113906e-03  -1.072745e-02  -1.270402e-02  -1.510747e-02  -1.797715e-02  -2.127855e-02  -2.480906e-02  -2.805099e-02  -3.000222e-02  -2.915569e-02  -2.391869e-02  -1.369169e-02  -5.450162e-10   1.369169e-02   2.391869e-02   2.915569e-02   3.000222e-02   2.805099e-02   2.480906e-02   2.127855e-02   1.797715e-02   1.510747e-02   1.270402e-02   1.072745e-02   9.113906e-03
  -9.157388e-03  -1.090207e-02  -1.311239e-02  -1.592125e-02  -1.947590e-02  -2.389676e-02  -2.916687e-02  -3.488316e-02  -3.982613e-02  -4.149298e-02  -3.631893e-02  -2.179322e-02  -9.042820e-10   2.179322e-02   3.631893e-02   4.149298e-02   3.982613e-02   3.488316e-02   2.916687e-02   2.389676e-02   1.947590e-02   1.592125e-02   1.311239e-02   1.090207e-02   9.157388e-03
  -9.041762e-03  -1.085064e-02  -1.320590e-02  -1.631446e-02  -2.045850e-02  -2.599759e-02  -3.330330e-02  -4.249050e-02  -5.266278e-02  -6.038432e-02  -5.823281e-02  -3.767893e-02  -1.664050e-09   3.767893e-02   5.823281e-02   6.038432e-02   5.266278e-02   4.249050e-02   3.330330e-02   2.599759e-02   2.045850e-02   1.631446e-02   1.320590e-02   1.085064e-02   9.041762e-03
  -8.789399e-03  -1.058451e-02  -1.296591e-02  -1.619709e-02  -2.068588e-02  -2.706287e-02  -3.627265e-02  -4.954365e-02  -6.772605e-02  -8.844098e-02  -9.899994e-02  -7.286089e-02  -3.537771e-09   7.286089e-02   9.899994e-02   8.844098e-02   6.772605e-02   4.954365e-02   3.627265e-02   2.706287e-02   2.068588e-02   1.619709e-02   1.296591e-02   1.058451e-02   8.789399e-03
  -8.454669e-03  -1.016829e-02  -1.245735e-02  -1.560466e-02  -2.008070e-02  -2.670390e-02  -3.694280e-02  -5.348512e-02  -8.093753e-02  -1.245591e-01  -1.753426e-01  -1.635032e-01  -9.221590e-09   1.635032e-01   1.753426e-01   1.245591e-01   8.093753e-02   5.348512e-02   3.694280e-02   2.670390e-02   2.008070e-02   1.560466e-02   1.245735e-02   1.016829e-02   8.454669e-03
  -8.118404e-03  -9.716314e-03  -1.184070e-02  -1.475101e-02  -1.889181e-02  -2.506951e-02  -3.486919e-02  -5.170941e-02  -8.371351e-02  -1.511498e-01  -2.927120e-01  -4.325983e-01  -3.244261e-08   4.325983e-01   2.927120e-01   1.511498e-01   8.371351e-02   5.170941e-02   3.486919e-02   2.506951e-02   1.889181e-02   1.475101e-02   1.184070e-02   9.716314e-03   8.118404e-03
  -7.869108e-03  -9.367369e-03  -1.133663e-02  -1.399684e-02  -1.771287e-02  -2.313155e-02  -3.148957e-02  -4.544451e-02  -7.173998e-02  -1.322183e-01  -3.220899e-01  -1.025563e+00  -1.608451e-07   1.025563e+00   3.220899e-01   1.322183e-01   7.173998e-02   4.544451e-02   3.148957e-02   2.313155e-02   1.771287e-02   1.399684e-02   1.133663e-02   9.367369e-03   7.869108e-03
  -7.777144e-03  -9.236065e-03  -1.114220e-02  -1.369553e-02  -1.721967e-02  -2.226209e-02  -2.980356e-02  -4.173372e-02  -6.203841e-02  -1.003885e-01  -1.847118e-01  -3.716767e-01  -2.026632e-08   3.716767e-01   1.847118e-01   1.003885e-01   6.203841e-02   4.173372e-02   2.980356e-02   2.226209e-02   1.721967e-02   1.369553e-02   1.114220e-02   9.236065e-03   7.777144e-03
  -7.869107e-03  -9.367369e-03  -1.133663e-02  -1.399684e-02  -1.771287e-02  -2.313154e-02  -3.148957e-02  -4.544451e-02  -7.173996e-02  -1.322183e-01  -3.220897e-01  -1.025564e+00  -1.608453e-07   1.025564e+00   3.220897e-01   1.322183e-01   7.173996e-02   4.544451e-02   3.148957e-02   2.313154e-02   1.771287e-02   1.399684e-02   1.133663e-02   9.367369e-03   7.869107e-03
  -8.118404e-03  -9.716315e-03  -1.184070e-02  -1.475102e-02  -1.889181e-02  -2.506951e-02  -3.486920e-02  -5.170943e-02  -8.371351e-02  -1.511498e-01  -2.927119e-01  -4.325980e-01  -3.244258e-08   4.325980e-01   2.927119e-01   1.511498e-01   8.371351e-02   5.170943e-02   3.486920e-02   2.506951e-02   1.889181e-02   1.475102e-02   1.184070e-02   9.716315e-03   8.118404e-03
  -8.454669e-03  -1.016829e-02  -1.245735e-02  -1.560466e-02  -2.008070e-02  -2.670390e-02  -3.694280e-02  -5.348512e-02  -8.093753e-02  -1.245591e-01  -1.753426e-01  -1.635032e-01  -9.221590e-09   1.635032e-01   1.753426e-01   1.245591e-01   8.093753e-02   5.348512e-02   3.694280e-02   2.670390e-02   2.008070e-02   1.560466e-02   1.245735e-02   1.016829e-02   8.454669e-03
  -8.789398e-03  -1.058451e-02  -1.296591e-02  -1.619709e-02  -2.068589e-02  -2.706288e-02  -3.627266e-02  -4.954365e-02  -6.772604e-02  -8.844099e-02  -9.900000e-02  -7.286093e-02  -3.537774e-09   7.286093e-02   9.900000e-02   8.844099e-02   6.772604e-02   4.954365e-02   3.627266e-02   2.706288e-02   2.068589e-02   1.619709e-02   1.296591e-02   1.058451e-02   8.789398e-03
  -9.041762e-03  -1.085064e-02  -1.320590e-02  -1.631446e-02  -2.045849e-02  -2.599758e-02  -3.330329e-02  -4.249049e-02  -5.266279e-02  -6.038431e-02  -5.823279e-02  -3.767891e-02  -1.664050e-09   3.767891e-02   5.823279e-02   6.038431e-02   5.266279e-02   4.249049e-02   3.330329e-02   2.599758e-02   2.045849e-02   1.631446e-02   1.320590e-02   1.085064e-02   9.041762e-03
  -9.157388e-03  -1.090207e-02  -1.311239e-02  -1.592125e-02  -1.947590e-02  -2.389676e-02  -2.916687e-02  -3.488316e-02  -3.982613e-02  -4.149298e-02  -3.631893e-02  -2.179322e-02  -9.042820e-10   2.179322e-02   3.631893e-02   4.149298e-02   3.982613e-02   3.488316e-02   2.916687e-02   2.389676e-02   1.947590e-02   1.592125e-02   1.311239e-02   1.090207e-02   9.157388e-03
  -9.113906e-03  -1.072745e-02  -1.270402e-02  -1.510747e-02  -1.797715e-02  -2.127855e-02  -2.480906e-02  -2.805099e-02  -3.000222e-02  -2.915569e-02  -2.391869e-02  -1.369169e-02  -5.450162e-10   1.369169e-02   2.391869e-02   2.915569e-02   3.000222e-02   2.805099e-02   2.480906e-02   2.127855e-02   1.797715e-02   1.510747e-02   1.270402e-02   1.072745e-02   9.113906e-03
  -8.916711e-03  -1.035342e-02  -1.204843e-02  -1.401337e-02  -1.621864e-02  -1.855363e-02  -2.076818e-02  -2.240607e-02  -2.277327e-02  -2.102843e-02  -1.649548e-02  -9.152576e-03  -3.541419e-10   9.152576e-03   1.649548e-02   2.102843e-02   2.277327e-02   2.240607e-02   2.076818e-02   1.855363e-02   1.621864e-02   1.401337e-02   1.204843e-02   1.035342e-02   8.916711e-03
  -8.589840e-03  -9.827253e-03  -1.123030e-02  -1.277662e-02  -1.440196e-02  -1.597388e-02  -1.726193e-02  -1.791975e-02  -1.750153e-02  -1.555809e-02  -1.181933e-02  -6.418138e-03  -2.434281e-10   6.418138e-03   1.181933e-02   1.555809e-02   1.750153e-02   1.791975e-02   1.726193e-02   1.597388e-02   1.440196e-02   1.277662e-02   1.123030e-02   9.827253e-03   8.589840e-03
  -8.165452e-03  -9.201438e-03  -1.032784e-02  -1.150523e-02  -1.265797e-02  -1.366076e-02  -1.432686e-02  -1.441167e-02  -1.364116e-02  -1.178141e-02  -8.741802e-03  -4.673770e-03  -1.746987e-10   4.673770e-03   8.741802e-03   1.178141e-02   1.364116e-02   1.441167e-02   1.432686e-02   1.366076e-02   1.265797e-02   1.150523e-02   1.032784e-02   9.201438e-03   8.165452e-03
  -7.676899e-03  -8.522972e-03  -9.403400e-03  -1.027261e-02  -1.105782e-02  -1.165241e-02  -1.191526e-02  -1.168080e-02  -1.078422e-02  -9.108599e-03  -6.639245e-03  -3.508899e-03  -1.297310e-10   3.508899e-03   6.639245e-03   9.108599e-03   1.078422e-02   1.168080e-02   1.191526e-02   1.165241e-02   1.105782e-02   1.027261e-02   9.403400e-03   8.522972e-03   7.676899e-03
  -7.154082e-03  -7.829775e-03  -8.500842e-03  -9.122525e-03  -9.630809e-03  -9.941143e-03  -9.950681e-03  -9.549937e-03  -8.642429e-03  -7.172666e-03  -5.156778e-03  -2.701527e-03  -9.902680e-11   2.701527e-03   5.156778e-03   7.172666e-03   8.642429e-03   9.549937e-03   9.950681e-03   9.941143e-03   9.630809e-03   9.122525e-03   8.500842e-03   7.829775e-03   7.154082e-03
