    25     25 -500000.000000 500000.000000 -1000000.000000     0.000000
  -3.413086e-03  -3.673145e-03  -3.914184e-03  -4.116156e-03  -4.253276e-03  -4.294236e-03  -4.204671e-03  -3.950927e-03  -3.507225e-03  -2.863419e-03  -2.032989e-03  -1.056670e-03   3.197569e-12   1.056670e-03   2.032989e-03   2.863419e-03   3.507225e-03   3.950927e-03   4.204671e-03   4.294236e-03   4.253276e-03   4.116156e-03   3.914184e-03   3.673145e-03   3.413086e-03
  -3.673145e-03  -4.009717e-03  -4.339112e-03  -4.638865e-03  -4.877424e-03  -5.013765e-03  -4.998778e-03  -4.780473e-03  -4.313187e-03  -3.571277e-03  -2.563296e-03  -1.341518e-03   4.547368e-12   1.341518e-03   2.563296e-03   3.571277e-03   4.313187e-03   4.780473e-03   4.998778e-03   5.013765e-03   4.877424e-03   4.638865e-03   4.339112e-03   4.009717e-03   3.673145e-03
  -3.914183e-03  -4.339112e-03  -4.775722e-03  -5.200612e-03  -5.577477e-03  -5.854404e-03  -5.963517e-03  -5.825671e-03  -5.362678e-03  -4.519125e-03  -3.288865e-03  -1.736639e-03   6.743195e-12   1.736639e-03   3.288865e-03   4.519125e-03   5.362678e-03   5.825671e-03   5.963517e-03   5.854404e-03   5.577477e-03   5.200612e-03   4.775722e-03   4.339112e-03   3.914183e-03
  -4.116156e-03  -4.638863e-03  -5.200611e-03  -5.780374e-03  -6.340020e-03  -6.817892e-03  -7.124012e-03  -7.141544e-03  -6.740002e-03  -5.808368e-03  -4.303539e-03  -2.299053e-03   1.050471e-11   2.299053e-03   4.303539e-03   5.808368e-03   6.740002e-03   7.141544e-03   7.124012e-03   6.817892e-03   6.340020e-03   5.780374e-03   5.200611e-03   4.638863e-03   4.116156e-03
  -4.253277e-03  -4.877423e-03  -5.577476e-03  -6.340020e-03  -7.131301e-03  -7.885563e-03  -8.491750e-03  -8.784699e-03  -8.554123e-03  -7.587180e-03  -5.755884e-03  -3.123285e-03   1.751344e-11   3.123285e-03   5.755884e-03   7.587180e-03   8.554123e-03   8.784699e-03   8.491750e-03   7.885563e-03   7.131301e-03   6.340020e-03   5.577476e-03   4.877423e-03   4.253277e-03
  -4.294237e-03  -5.013763e-03  -5.854405e-03  -6.817893e-03  -7.885564e-03  -9.000683e-03  -1.004159e-02  -1.079311e-02  -1.093149e-02  -1.006662e-02  -7.882502e-03  -4.369808e-03   3.178980e-11   4.369808e-03   7.882502e-03   1.006662e-02   1.093149e-02   1.079311e-02   1.004159e-02   9.000683e-03   7.885564e-03   6.817893e-03   5.854405e-03   5.013763e-03   4.294237e-03
  -4.204671e-03  -4.998778e-03  -5.963516e-03  -7.124012e-03  -8.491749e-03  -1.004159e-02  -1.167100e-02  -1.313531e-02  -1.397750e-02  -1.351934e-02  -1.105156e-02  -6.312609e-03   6.457580e-11   6.312609e-03   1.105156e-02   1.351934e-02   1.397750e-02   1.313531e-02   1.167100e-02   1.004159e-02   8.491749e-03   7.124012e-03   5.963516e-03   4.998778e-03   4.204671e-03
  -3.950926e-03  -4.780472e-03  -5.825671e-03  -7.141544e-03  -8.784699e-03  -1.079311e-02  -1.313530e-02  -1.560646e-02  -1.765329e-02  -1.819948e-02  -1.577118e-02  -9.393069e-03   1.516857e-10   9.393069e-03   1.577118e-02   1.819948e-02   1.765329e-02   1.560646e-02   1.313530e-02   1.079311e-02   8.784699e-03   7.141544e-03   5.825671e-03   4.780472e-03   3.950926e-03
  -3.507226e-03  -4.313187e-03  -5.362680e-03  -6.740003e-03  -8.554120e-03  -1.093150e-02  -1.397750e-02  -1.765329e-02  -2.147393e-02  -2.397758e-02  -2.239813e-02  -1.406632e-02   4.277664e-10   1.406632e-02   2.239813e-02   2.397758e-02   2.147393e-02   1.765329e-02   1.397750e-02   1.093150e-02   8.554120e-03   6.740003e-03   5.362680e-03   4.313187e-03   3.507226e-03
  -2.863419e-03  -3.571277e-03  -4.519126e-03  -5.808368e-03  -7.587180e-03  -1.006662e-02  -1.351934e-02  -1.819948e-02  -2.397758e-02  -2.926871e-02  -2.935930e-02  -1.859948e-02   1.520461e-09   1.859949e-02   2.935930e-02   2.926871e-02   2.397758e-02   1.819948e-02   1.351934e-02   1.006662e-02   7.587180e-03   5.808368e-03   4.519126e-03   3.571277e-03   2.863419e-03
  -2.032988e-03  -2.563295e-03  -3.288865e-03  -4.303538e-03  -5.755881e-03  -7.882502e-03  -1.105156e-02  -1.577117e-02  -2.239813e-02  -2.935930e-02  -2.672924e-02   1.811121e-03   7.719497e-09  -1.811111e-03   2.672924e-02   2.935930e-02   2.239813e-02   1.577117e-02   1.105156e-02   7.882502e-03   5.755881e-03   4.303538e-03   3.288865e-03   2.563295e-03   2.032988e-03
  -1.056670e-03  -1.341518e-03  -1.736640e-03  -2.299055e-03  -3.123285e-03  -4.369812e-03  -6.312612e-03  -9.393070e-03  -1.406632e-02  -1.859949e-02   1.811077e-03   2.419977e-01   7.924342e-08  -2.419977e-01  -1.811072e-03   1.859949e-02   1.406632e-02   9.393070e-03   6.312612e-03   4.369812e-03   3.123285e-03   2.299055e-03   1.736640e-03   1.341518e-03   1.056670e-03
   0.000000e+00   0.000000e+00   0.000000e+00   0.000000e+00   0.000000e+00   0.000000e+00   0.000000e+00   0.000000e+00   0.000000e+00   0.000000e+00   0.000000e+00   0.000000e+00   0.000000e+00   0.000000e+00   0.000000e+00   0.000000e+00   0.000000e+00   0.000000e+00   0.000000e+00   0.000000e+00   0.000000e+00   0.000000e+00   0.000000e+00   0.000000e+00   0.000000e+00
   1.056670e-03   1.341517e-03   1.736639e-03   2.299053e-03   3.123283e-03   4.369808e-03   6.312607e-03   9.393064e-03   1.406631e-02   1.859948e-02  -1.811089e-03  -2.419981e-01  -7.924358e-08   2.419981e-01   1.811085e-03  -1.859948e-02  -1.406631e-02  -9.393064e-03  -6.312607e-03  -4.369808e-03  -3.123283e-03  -2.299053e-03  -1.736639e-03  -1.341517e-03  -1.056670e-03
   2.032989e-03   2.563295e-03   3.288866e-03   4.303540e-03   5.755883e-03   7.882505e-03   1.105156e-02   1.577117e-02   2.239813e-02   2.935931e-02   2.672925e-02  -1.811078e-03  -7.719485e-09   1.811069e-03  -2.672925e-02  -2.935931e-02  -2.239813e-02  -1.577117e-02  -1.105156e-02  -7.882505e-03  -5.755883e-03  -4.303540e-03  -3.288866e-03  -2.563295e-03  -2.032989e-03
   2.863419e-03   3.571277e-03   4.519126e-03   5.808368e-03   7.587180e-03   1.006662e-02   1.351934e-02   1.819948e-02   2.397758e-02   2.926871e-02   2.935930e-02   1.859948e-02  -1.520461e-09  -1.859949e-02  -2.935930e-02  -2.926871e-02  -2.397758e-02  -1.819948e-02  -1.351934e-02  -1.006662e-02  -7.587180e-03  -5.808368e-03  -4.519126e-03  -3.571277e-03  -2.863419e-03
   3.507225e-03   4.313186e-03   5.362679e-03   6.740002e-03   8.554121e-03   1.093150e-02   1.397750e-02   1.765329e-02   2.147393e-02   2.397758e-02   2.239813e-02   1.406632e-02  -4.277667e-10  -1.406632e-02  -2.239813e-02  -2.397758e-02  -2.147393e-02  -1.765329e-02  -1.397750e-02  -1.093150e-02  -8.554121e-03  -6.740002e-03  -5.362679e-03  -4.313186e-03  -3.507225e-03
   3.950927e-03   4.780472e-03   5.825671e-03   7.141545e-03   8.784697e-03   1.079311e-02   1.313530e-02   1.560646e-02   1.765329e-02   1.819948e-02   1.577117e-02   9.393066e-03  -1.516856e-10  -9.393066e-03  -1.577117e-02  -1.819948e-02  -1.765329e-02  -1.560646e-02  -1.313530e-02  -1.079311e-02  -8.784697e-03  -7.141545e-03  -5.825671e-03  -4.780472e-03  -3.950927e-03
   4.204671e-03   4.998778e-03   5.963516e-03   7.124012e-03   8.491749e-03   1.004159e-02   1.167100e-02   1.313531e-02   1.397750e-02   1.351934e-02   1.105156e-02   6.312609e-03  -6.457580e-11  -6.312609e-03  -1.105156e-02  -1.351934e-02  -1.397750e-02  -1.313531e-02  -1.167100e-02  -1.004159e-02  -8.491749e-03  -7.124012e-03  -5.963516e-03  -4.998778e-03  -4.204671e-03
   4.294237e-03   5.013763e-03   5.854405e-03   6.817893e-03   7.885564e-03   9.000683e-03   1.004159e-02   1.079311e-02   1.093149e-02   1.006662e-02   7.882502e-03   4.369808e-03  -3.178980e-11  -4.369808e-03  -7.882502e-03  -1.006662e-02  -1.093149e-02  -1.079311e-02  -1.004159e-02  -9.000683e-03  -7.885564e-03  -6.817893e-03  -5.854405e-03  -5.013763e-03  -4.294237e-03
   4.253277e-03   4.877423e-03   5.577476e-03   6.340020e-03   7.131301e-03   7.885563e-03   8.491750e-03   8.784699e-03   8.554123e-03   7.587180e-03   5.755884e-03   3.123285e-03  -1.751344e-11  -3.123285e-03  -5.755884e-03  -7.587180e-03  -8.554123e-03  -8.784699e-03  -8.491750e-03  -7.885563e-03  -7.131301e-03  -6.340020e-03  -5.577476e-03  -4.877423e-03  -4.253277e-03
   4.116156e-03   4.638863e-03   5.200611e-03   5.780374e-03   6.340020e-03   6.817892e-03   7.124012e-03   7.141544e-03   6.740002e-03   5.808368e-03   4.303539e-03   2.299053e-03  -1.050471e-11  -2.299053e-03  -4.303539e-03  -5.808368e-03  -6.740002e-03  -7.141544e-03  -7.124012e-03  -6.817892e-03  -6.340020e-03  -5.780374e-03  -5.200611e-03  -4.638863e-03  -4.116156e-03
   3.914184e-03   4.339111e-03   4.775723e-03   5.200611e-03   5.577477e-03   5.854404e-03   5.963516e-03   5.825671e-03   5.362680e-03   4.519126e-03   3.288866e-03   1.736639e-03  -6.743198e-12  -1.736639e-03  -3.288866e-03  -4.519126e-03  -5.362680e-03  -5.825671e-03  -5.963516e-03  -5.854404e-03  -5.577477e-03  -5.200611e-03  -4.775723e-03  -4.339111e-03  -3.914184e-03
   3.673145e-03   4.009715e-03   4.339111e-03   4.638863e-03   4.877424e-03   5.013763e-03   4.998778e-03   4.780473e-03   4.313187e-03   3.571277e-03   2.563295e-03   1.341518e-03  -4.547367e-12  -1.341518e-03  -2.563295e-03  -3.571277e-03  -4.313187e-03  -4.780473e-03  -4.998778e-03  -5.013763e-03  -4.877424e-03  -4.638863e-03  -4.339111e-03  -4.009715e-03  -3.673145e-03
   3.413086e-03   3.673145e-03   3.914184e-03   4.116156e-03   4.253276e-03   4.294236e-03   4.204671e-03   3.950927e-03   3.507225e-03   2.863419e-03   2.032989e-03   1.056670e-03  -3.197569e-12  -1.056670e-03  -2.032989e-03  -2.863419e-03  -3.507225e-03  -3.950927e-03  -4.204671e-03  -4.294236e-03  -4.253276e-03  -4.116156e-03  -3.914184e-03  -3.673145e-03  -3.413086e-03
